50
H -1.0 -1.0 3
S 9.0 -1.0 3
C 6.0 7.0 5
C 9.0 -9.0 5
H -3.0 -1.0 2
T 1.0 -7.0 5
C 0.0 -5.0 2
H -7.0 -8.0 2
T 6.0 -7.0 5
T 8.0 -10.0 2
H -8.0 -7.0 2
S 0.0 -4.0 1
C -1.0 1.0 2
S 0.0 0.0 2
S 6.0 5.0 2
C -8.0 -2.0 1
T 5.0 7.0 2
H 0.0 -1.0 4
H 3.0 -8.0 5
C -8.0 0.0 5
T -3.0 6.0 3
C 2.0 1.0 1
S 8.0 0.0 1
H 2.0 6.0 3
T -7.0 -1.0 1
S -2.0 3.0 2
C 7.0 -5.0 2
S -10.0 1.0 1
H 1.0 -4.0 5
T -3.0 3.0 2
C 6.0 9.0 5
S 3.0 -8.0 2
C 0.0 -4.0 5
S -2.0 6.0 3
T 10.0 5.0 3
T 0.0 0.0 2
T -4.0 -5.0 4
H 9.0 -8.0 1
H 5.0 -3.0 4
S -2.0 -3.0 5
S 1.0 4.0 3
T 1.0 1.0 3
T -7.0 10.0 3
S 0.0 -2.0 2
S 8.0 5.0 2
T -10.0 -3.0 5
H -7.0 5.0 2
H 10.0 -6.0 1
T 5.0 5.0 5
C 10.0 -8.0 3
